<!doctype html>
<html>
  <head>
    <meta charset="utf-8">
    <link rel="stylesheet" type="text/css" href="/styles/csshake.min.css">
    <link rel="stylesheet" type="text/css" href="/styles/zenburn.css">
    <link rel="stylesheet" type="text/css" href="/styles/planspace.css">
    <title>Clustered R-squared Heat-Maps in R</title>
  </head>
  <body>
    <article>
<h1>Clustered R-squared Heat-Maps in R</h1>
<p class="date">Wednesday July 24, 2013</p>
<p>Sometimes you want to quickly see how much variables are related to one another (linearly, here). You might be thinking about doing factor analysis or some such thing. You'd like to see if the variables can be neatly separated into various groups, perhaps. Here's a function that I wrote for this purpose:</p>
<pre><code>clusterRsquared &lt;- function(dataframe) {
  dissimilarity &lt;- 1 - cor(dataframe)^2
  clustering &lt;- hclust(as.dist(dissimilarity))
  order &lt;- clustering$order
  oldpar &lt;- par(no.readonly=TRUE); par(mar=c(0,0,0,0))
  image(dissimilarity[order, rev(order)], axes=FALSE)
  par(oldpar)
  return(1 - dissimilarity[order, order])
}</code></pre>

<p>Call it like this, for example:</p>
<pre><code>round(clusterRsquared(mtcars),2)</code></pre>

<p>You'll get output like this:</p>
<pre>     drat   am gear  mpg   wt   hp  cyl disp carb qsec   vs
drat 1.00 0.51 0.49 0.46 0.51 0.20 0.49 0.50 0.01 0.01 0.19
am   0.51 1.00 0.63 0.36 0.48 0.06 0.27 0.35 0.00 0.05 0.03
gear 0.49 0.63 1.00 0.23 0.34 0.02 0.24 0.31 0.08 0.05 0.04
mpg  0.46 0.36 0.23 1.00 0.75 0.60 0.73 0.72 0.30 0.18 0.44
wt   0.51 0.48 0.34 0.75 1.00 0.43 0.61 0.79 0.18 0.03 0.31
hp   0.20 0.06 0.02 0.60 0.43 1.00 0.69 0.63 0.56 0.50 0.52
cyl  0.49 0.27 0.24 0.73 0.61 0.69 1.00 0.81 0.28 0.35 0.66
disp 0.50 0.35 0.31 0.72 0.79 0.63 0.81 1.00 0.16 0.19 0.50
carb 0.01 0.00 0.08 0.30 0.18 0.56 0.28 0.16 1.00 0.43 0.32
qsec 0.01 0.05 0.05 0.18 0.03 0.50 0.35 0.19 0.43 1.00 0.55
vs   0.19 0.03 0.04 0.44 0.31 0.52 0.66 0.50 0.32 0.55 1.00</pre>
<p>And a plot like this, which is much easier to start investigating visually:</p>
<p><a href="good.png"><img class="aligncenter  wp-image-635" alt="clustered heat map" src="good.png"></a></p>
<p>Is this necessarily the One True Clustering? No, but it isn't terribly bad either.</p>
<p><em>This post was originally hosted <a href="https://planspacedotorg.wordpress.com/2013/07/24/clustered-r-squared-heat-maps-in-r/">elsewhere</a>.</em></p>    </article>
    <footer>
      <hr />
<p>If you sign up, I'll send you an email update at most monthly with new stuff.</p>
<iframe src="https://planspace.substack.com/embed" width="100%" frameborder="0" scrolling="no"></iframe>
<p><a id="back_link2" href="/">This site</a> also has <a href="/rss.xml">RSS</a>. You can connect with <a id="aaron_link2" href="/aaron/">me</a> via <a href="https://twitter.com/planarrowspace">Twitter</a>, <a href="https://www.linkedin.com/in/ajschumacher">LinkedIn</a>, <a href="https://github.com/ajschumacher">GitHub</a>, and <a href="mailto:aaron@planspace.org">email</a>.</p>

      <hr />
    </footer>

<!-- my weird stuff -->
<script src="/scripts/planspace.js"></script>

<!-- syntax highlighting -->
<script src="/scripts/highlight.pack.js"></script>
<script type="text/javascript">hljs.initHighlightingOnLoad();</script>

<!-- Google tag (gtag.js) -->
<script async src="https://www.googletagmanager.com/gtag/js?id=G-EZBQMHT77F"></script>
<script>
  window.dataLayer = window.dataLayer || [];
  function gtag(){dataLayer.push(arguments);}
  gtag('js', new Date());
  gtag('config', 'G-EZBQMHT77F');
</script>

<!-- Disqus comments -->
<div id="disqus_thread"></div>
<script type="text/javascript">
  var disqus_shortname = 'planspace';
  (function() {
    var dsq = document.createElement('script');
    dsq.type = 'text/javascript'; dsq.async = true;
    dsq.src = '//' + disqus_shortname + '.disqus.com/embed.js';
    (document.getElementsByTagName('head')[0] || document.getElementsByTagName('body')[0]).appendChild(dsq);
  })();
</script>

  </body>
</html>
